7.690000000000000000e+02
7.070000000000000000e+02
6.700000000000000000e+02
7.060000000000000000e+02
6.700000000000000000e+02
5.880000000000000000e+02
6.750000000000000000e+02
6.620000000000000000e+02
5.650000000000000000e+02
5.550000000000000000e+02
5.710000000000000000e+02
5.350000000000000000e+02
6.080000000000000000e+02
5.960000000000000000e+02
5.980000000000000000e+02
6.900000000000000000e+02
6.420000000000000000e+02
6.720000000000000000e+02
7.680000000000000000e+02
7.710000000000000000e+02
6.900000000000000000e+02
7.320000000000000000e+02
8.040000000000000000e+02
8.460000000000000000e+02
8.050000000000000000e+02
8.310000000000000000e+02
9.130000000000000000e+02
9.650000000000000000e+02
9.010000000000000000e+02
1.017000000000000000e+03
9.380000000000000000e+02
9.140000000000000000e+02
9.300000000000000000e+02
1.016000000000000000e+03
9.540000000000000000e+02
1.004000000000000000e+03
1.023000000000000000e+03
9.300000000000000000e+02
1.023000000000000000e+03
9.740000000000000000e+02
8.850000000000000000e+02
9.390000000000000000e+02
8.920000000000000000e+02
9.260000000000000000e+02
9.140000000000000000e+02
9.070000000000000000e+02
7.510000000000000000e+02
8.670000000000000000e+02
7.480000000000000000e+02
7.260000000000000000e+02
7.210000000000000000e+02
7.430000000000000000e+02
7.070000000000000000e+02
6.060000000000000000e+02
6.790000000000000000e+02
6.130000000000000000e+02
